version: 1
creator: callgrind-3.10.0.SVN
pid: 15601
cmd:  ./a.out
part: 1


desc: I1 cache: 
desc: D1 cache: 
desc: LL cache: 

desc: Timerange: Basic block 0 - 110023433
desc: Trigger: Program termination

positions: line
events: Ir
summary: 550114782


ob=(3) /lib/i386-linux-gnu/libc-2.19.so
fl=(63) /build/buildd/eglibc-2.19/stdlib/cxa_atexit.c
fn=(272) __new_exitfn
73 1
+6 1
-6 1
+6 1
-6 4
cfi=(43) /build/buildd/eglibc-2.19/string/../sysdeps/i386/i686/multiarch/strcat.S
cfn=(178) 0x0012694b
calls=1 -18 
* 2
* 1
+6 4
+2 5
-7 3
+9 3
-2 2
+10 1
-10 2
+45 1
+1 2
+3 4
+3 7
-21 1
+1 2

fn=(270) __cxa_atexit
57 2
cfi=(43)
cfn=(178)
calls=1 -2 
* 2
* 2
-22 3
cfn=(272)
calls=1 +38 
* 48
+2 2
+4 3
+2 1
+1 2
+1 2
+2 1
+1 1
+11 3

fl=(75) /build/buildd/eglibc-2.19/stdlib/cxa_thread_atexit_impl.c
fn=(348) __call_tls_dtors
82 5
cfi=(43)
cfn=(178)
calls=1 -27 
* 2
* 1
+1 1
-1 1
+1 2
cob=(1) /lib/i386-linux-gnu/ld-2.19.so
cfi=(38) /build/buildd/eglibc-2.19/elf/dl-tls.c
cfn=(356) ___tls_get_addr
calls=1 769 
* 19
cob=(1)
cfi=(60) /build/buildd/eglibc-2.19/elf/../sysdeps/i386/dl-trampoline.S
cfn=(262) _dl_runtime_resolve
calls=1 -55 
* 1100
* 5
* 2
+3 1
-3 3
+18 6

fl=(67) /build/buildd/eglibc-2.19/libio/fileops.c
fn=(416) _IO_file_sync@@GLIBC_2.1
886 5
cfi=(43)
cfn=(178)
calls=1 55 
* 2
* 1
+5 4
+2 1
+1 2
+17 3
+4 4

fn=(412) _IO_file_setbuf@@GLIBC_2.1
461 3
+1 1
-1 1
cfi=(43)
cfn=(178)
calls=1 55 
* 2
* 2
+1 5
cfi=(68) /build/buildd/eglibc-2.19/libio/genops.c
cfn=(414) _IO_default_setbuf
calls=1 +95 
* 81
* 2
+4 2
-1 2
+2 3
+2 1
+1 4

fn=(306) _IO_file_overflow@@GLIBC_2.1
824 140
cfi=(43)
cfn=(178)
calls=20 55 
* 40
* 40
+1 60
+7 116
+35 40
+3 38
+3 76
+1 57
+1 76
+4 38
+1 120
-45 3
+12 2
+9 4
+4 1
+4 1
-3 2
+2 2
+1 1
-6 1
+1 1
+4 1
+1 3
+1 2
+12 2
-1 2
+1 1
-1 2
cfn=(322) _IO_do_write@@GLIBC_2.1
calls=1 509 
* 109
* 2
-7 1
-1 1
+1 1
-1 3
cfn=(322)
calls=1 509 
* 9
* 1
-31 2
cfi=(68)
cfn=(308) _IO_doallocbuf
calls=1 414 
* 158
+1 6

fn=(322)
509 2
+2 2
-2 4
+2 8
cfn=(328) new_do_write
calls=1 +10 
* 92
* 4
+1 6

fn=(304) _IO_file_xsputn@@GLIBC_2.1
1281 1
+7 1
-7 6
cfi=(43)
cfn=(178)
calls=1 55 
* 2
* 2
+6 2
+7 4
+17 4
+44 2
+1 6
-45 2
+17 3
+4 5
cfn=(306)
calls=1 824 
* 230
* 2
+6 1
+1 1
-1 1
+1 5
+2 3
+11 2
+1 5
cfi=(68)
cfn=(324) _IO_default_xsputn
calls=1 447 
* 1165
* 2

fn=(328)
521 6
+2 2
+15 7
cfn=(330) _IO_file_write@@GLIBC_2.1
calls=1 1254 
* 50
* 1
+1 3
+6 1
-4 1
+4 1
-4 3
+1 2
+3 1
-2 1
-5 1
+9 5
-17 1
+3 1
-3 3
+14 2

fn=(312) _IO_file_stat
1222 1
+1 7
cfi=(70) /build/buildd/eglibc-2.19/io/../sysdeps/unix/sysv/linux/fxstat64.c
cfn=(314) __fxstat64@@GLIBC_2.2
calls=1 33 
* 17
+1 2

fn=(330)
1254 4
+2 1
-2 2
+2 4
+11 1
+1 1
-12 2
+5 7
cfi=(72) /build/buildd/eglibc-2.19/io/../sysdeps/unix/syscall-template.S
cfn=(332) write
calls=1 81 
* 14
+1 2
+9 4
+3 8

fl=(70)
fn=(314)
33 1
+2 1
-2 1
cfi=(43)
cfn=(178)
calls=1 +22 
* 2
* 1
+2 4
cob=(1)
cfi=(1) ???
cfn=(316) _dl_sysinfo_int80
calls=1 -35 
* 2
* 3
+6 2

fl=(62) /build/buildd/eglibc-2.19/csu/libc-start.c
fn=(268) (below main)
133 5
cfi=(43)
cfn=(178)
calls=1 -78 
* 2
* 4
+4 4
+82 1
-82 1
+82 1
+1 4
cfi=(63)
cfn=(270)
calls=1 57 
* 72
+22 4
+3 2
+1 8
cob=(5) /home/baohua/develop/training/debug/gprof/a.out
cfi=(59) ???
cfn=(274) __libc_csu_init
calls=1 0 
* 59
+4 4
+15 2
+9 3
cfi=(64) /build/buildd/eglibc-2.19/setjmp/../sysdeps/i386/bsd-_setjmp.S
cfn=(292) _setjmp
calls=1 33 
* 16
+1 2
+5 2
+1 2
+3 2
+3 8
cob=(5)
cfi=(59)
cfn=(294) main
calls=1 0 
* 550002616
+34 2
cfi=(74) /build/buildd/eglibc-2.19/stdlib/exit.c
cfn=(344) exit
calls=1 103 
* 3005
137 2

fl=(77) /build/buildd/eglibc-2.19/stdlib/cxa_finalize.c
fn=(390) __cxa_finalize
31 5
cfi=(43)
cfn=(178)
calls=1 +24 
* 2
* 3
+4 4
+4 10
-4 5
+32 4
+4 8
-4 3
+12 2
+1 1
+2 5
-2 1
cfi=(78) /build/buildd/eglibc-2.19/nptl/../nptl/sysdeps/unix/sysv/linux/unregister-atfork.c
cfn=(392) __unregister_atfork
calls=1 -52 
* 20

fl=(54) /build/buildd/eglibc-2.19/ctype/ctype-info.c
fn=(238) __ctype_init
29 1
+2 1
-2 2
cfi=(43)
cfn=(178)
calls=1 +26 
* 2
* 1
+2 7
+2 4
+2 4
+1 3

fl=(68)
fn=(326) __overflow
239 5
cfi=(43)
cfn=(178)
calls=1 55 
* 2
* 1
+2 3
+2 6
cfi=(67)
cfn=(306)
calls=1 824 
* 161
+1 4

fn=(410) _IO_flush_all_lockp
822 7
cfi=(43)
cfn=(178)
calls=1 55 
* 2
* 1
+6 3
+6 1
-1 1
-10 1
+12 2
+4 3
-1 1
-1 1
+1 3
-1 2
+1 2
+3 9
+10 6
+4 3
-2 3
+2 6
-20 6
+31 2
+2 3
+4 7
-10 6
-21 9

fn=(308)
414 3
+1 3
+6 3
-4 2
+1 4
cfi=(69) /build/buildd/eglibc-2.19/libio/filedoalloc.c
cfn=(310) _IO_file_doallocate
calls=1 96 
* 141
* 2

fn=(414)
557 5
+1 4
cfi=(67)
cfn=(416)
calls=1 886 
* 22
* 2
+2 2
+2 1
+1 7
cfn=(320) _IO_setb
calls=1 399 
* 27
+7 1
+2 1
-2 2
+1 3
+2 4

fn=(320)
399 10
cfi=(43)
cfn=(178)
calls=2 55 
* 4
* 2
+1 10
+2 4
+1 4
+1 6
+3 2
+1 4
-3 2
+3 4

fn=(324)
447 1
+4 1
-4 4
+3 1
-3 1
cfi=(43)
cfn=(178)
calls=1 55 
* 2
* 3
+3 4
+5 76
+25 182
cfi=(67)
cfn=(306)
calls=18 824 
* 774
* 54
+2 18
-2 18
+3 18
+1 2
+1 6

fn=(408) _IO_cleanup
1010 5
cfi=(43)
cfn=(178)
calls=1 55 
* 2
* 2
+3 1
-51 1
+51 1
cfn=(410)
calls=1 822 
* 90
-63 2
+63 1
-63 2
+2 9
+2 2
-1 4
+3 4
+6 16
+8 5
+10 6
cfi=(67)
cfn=(412)
calls=1 461 
* 109
+3 2
+7 3
-40 9
+75 7
-53 1
+5 1
-5 1
+2 1
+1 1
-1 1
+2 1
+1 1
-1 1
+1 2
+6 3
+1 8

fl=(74)
fn=(344)
103 2
cfi=(43)
cfn=(178)
calls=1 -48 
* 2
* 2
+1 6
cfn=(346) __run_exit_handlers
calls=1 -69 
* 2993

fn=(346)
35 5
cfi=(43)
cfn=(178)
calls=1 +20 
* 2
* 6
+5 1
cfi=(75)
cfn=(348)
calls=1 +42 
* 1148
* 1
+6 6
+4 3
-4 3
+4 3
+4 1
-1 1
-1 1
+2 4
+33 1
+1 1
-1 1
+1 1
+6 2
+1 5
cfi=(68)
cfn=(408)
calls=1 1010 
* 305
* 3
+2 2
cfi=(79) /build/buildd/eglibc-2.19/posix/../sysdeps/unix/sysv/linux/i386/_exit.S
cfn=(418) _Exit
calls=1 -73 
* 3
-17 1
+2 2
-2 2
+2 2
cob=(1)
cfi=(76) /build/buildd/eglibc-2.19/elf/dl-fini.c
cfn=(358) _dl_fini
calls=1 +49 
* 1476
+1 1

fl=(42) /build/buildd/eglibc-2.19/string/../sysdeps/i386/i686/multiarch/strnlen.S
fn=(176) strnlen
28 2
cfi=(43)
cfn=(178)
calls=1 +27 
* 2
* 1
+4 1
+1 1
+1 1
cfi=(44) /build/buildd/eglibc-2.19/csu/../sysdeps/x86_64/multiarch/init-arch.c
cfn=(180) __init_cpu_features
calls=1 +11 
* 91
+1 1
+1 1
+1 1
+1 1
+1 1
+3 1

fl=(45) /build/buildd/eglibc-2.19/string/../sysdeps/i386/i686/multiarch/strncase.S
fn=(182) strncasecmp
27 2
cfi=(43)
cfn=(178)
calls=1 +28 
* 2
* 1
+4 1
+1 1
+2 1
+1 1
+1 1
+1 1
+1 1
+1 1
+4 1
+3 1

fl=(66) /build/buildd/eglibc-2.19/string/../sysdeps/i386/i686/multiarch/../../i586/strlen.S
fn=(302) __GI_strlen
43 1
+1 1
+2 1
+2 1
+46 2
+1 2
+2 2
+1 2
+2 2
+1 2
+2 1
+2 1
+2 1
+3 1
+1 1
+2 1
+1 1
+2 1
+1 1
+2 1
+2 1
+2 1
+3 1
+1 1
+2 1
+1 1
+2 1
+1 1
+2 1
+2 1
+2 1
+3 1
+1 1
+2 1
+1 1
+2 1
+1 1
+2 1
+2 1
+2 1
+3 1
+1 1
+2 1
+1 1
+2 1
+1 1
+2 1
+2 1
+1 1
+2 1
+1 1
+4 1
+3 1

fl=(46) /build/buildd/eglibc-2.19/string/../sysdeps/i386/i686/multiarch/memrchr.S
fn=(184) memrchr
36 2
cfi=(43)
cfn=(178)
calls=1 +19 
* 2
* 1
+3 1
+1 1
+3 1
+1 1
+1 1
+1 1
+16 1
+1 1
+2 1

fl=(78)
fn=(392)
28 6
cfi=(43)
cfn=(178)
calls=1 +27 
* 2
* 3
+8 1
+3 2
+82 6

fl=(55) /build/buildd/eglibc-2.19/libio/oldstdfiles.c
fn=(240) _IO_check_libio
77 3
cfi=(43)
cfn=(178)
calls=1 -22 
* 2
* 1
+1 3
+13 3

fl=(79)
fn=(418)
24 1
+4 1
+1 1

fl=(69)
fn=(310)
96 7
cfi=(43)
cfn=(178)
calls=1 -41 
* 2
* 1
+15 9
cfi=(67)
cfn=(312)
calls=1 1222 
* 27
* 2
+2 4
+11 3
+4 7
cfi=(71) /build/buildd/eglibc-2.19/misc/../sysdeps/unix/sysv/linux/i386/mmap.S
cfn=(318) mmap
calls=1 -99 
* 25
* 2
+1 6
cfi=(68)
cfn=(320)
calls=1 399 
* 25
+1 1
+1 6
-13 2
fi=(80) /build/buildd/eglibc-2.19/libio/../sysdeps/unix/sysv/linux/sys/sysmacros.h
-77 5
fe=(69)
+77 1
-2 2
+8 1
-3 1
+3 2

fl=(47) /build/buildd/eglibc-2.19/wcsmbs/../sysdeps/i386/i686/multiarch/wcslen.S
fn=(186) wcslen
28 2
cfi=(43)
cfn=(178)
calls=1 +27 
* 2
* 1
+4 1
+1 1
+2 1
+1 1
+1 1
+1 1
+1 1
+3 1

fl=(43)
fn=(178)
55 126

fl=(72)
fn=(334) __write_nocancel
81 6
cob=(1)
cfi=(1)
cfn=(316)
calls=1 -81 
* 2
* 4

fn=(332)
81 2
cfn=(334)
calls=1 * 
* 12

fl=(58) /build/buildd/eglibc-2.19/elf/dl-altinit.c
fn=(250) dlinit_alt
41 2
cfi=(43)
cfn=(178)
calls=1 +14 
* 2
* 1
-8 4
+10 2

fl=(51) /build/buildd/eglibc-2.19/csu/init-first.c
fn=(232) _init
52 5
cfi=(43)
cfn=(178)
calls=1 +3 
* 2
* 5
+6 3
+14 1
-2 1
+1 1
+1 1
+14 4
cfi=(52) /build/buildd/eglibc-2.19/misc/init-misc.c
cfn=(234) __init_misc
calls=1 -56 
* 98
+13 5
-5 1
cfi=(54)
cfn=(238)
calls=1 -65 
* 25
-29 2
-7 1
+7 3

fl=(71)
fn=(318)
29 1
+2 1
+2 1
+2 1
+3 1
+2 1
+1 1
+1 1
+2 1
+2 1
+2 1
+1 1
+1 1
+1 1
+2 1
+3 1
cob=(1)
cfi=(1)
cfn=(316)
calls=1 -56 
* 2
+3 1
+3 1
+3 1
+3 1
+5 1
+1 1
+3 1

fl=(64)
fn=(292)
33 1
+1 1
+3 1
+1 1
+1 1
+1 1
+2 2
+2 1
+1 1
+3 2
+2 1
+1 1
+2 1
+1 1

fl=(52)
fn=(234)
30 6
cfi=(43)
cfn=(178)
calls=1 +25 
* 2
* 1
+1 5
+2 3
cfi=(53) /build/buildd/eglibc-2.19/string/../sysdeps/i386/i686/multiarch/../../strrchr.S
cfn=(236) __GI_strrchr
calls=1 * 
* 68
+1 2
+3 3
+1 3
+2 5

fl=(53)
fn=(236)
33 1
+3 1
+3 1
+1 1
+2 1
+6 1
+1 1
+1 1
+1 1
+13 1
+1 1
+1 1
+1 1
+1 1
+2 1
+1 1
+1 1
+2 1
+1 1
+79 1
+1 1
+1 1
+1 1
+1 1
+8 1
+1 1
+1 1
+3 1
+2 1
+1 1
+1 1
+11 1
-13 1
+1 1
+1 1
+11 1
+4 2
+3 2
+1 2
+4 2
+6 1
+2 1
+1 1
+3 1
+1 1
+1 1
+1 1
+2 1
+85 1
+1 1
+2 1
+1 1
+2 1
+1 1
+2 1
+1 1
+2 1
+1 1
+1 1
+2 1
+1 1
+6 1
+3 1
+4 1

fl=(44)
fn=(180)
45 1
+9 1
-9 4
cfi=(43)
cfn=(178)
calls=1 +10 
* 2
* 2
+9 3
+3 1
-3 1
+3 5
+95 2
+1 9
+7 3
+24 2
+6 1
-1 1
+1 1
+2 1
+1 6
-9 4
+1 4
+1 2
31 5
+7 1
-1 1
+1 1
-7 1
+7 1
-1 1
+1 1
+27 1
-28 1
+28 1
-34 1
+8 1
+26 1
-26 1
+27 1
-35 2
+8 1
+27 1
+5 1
-12 1
+12 1
+3 5
+27 1
-42 1
+42 1

fl=(65) /build/buildd/eglibc-2.19/libio/ioputs.c
fn=(300) puts
34 6
cfi=(43)
cfn=(178)
calls=1 +21 
* 2
* 1
+2 3
cfi=(66)
cfn=(302)
calls=1 +7 
* 59
+1 2
-1 1
+1 19
+2 3
+1 7
+1 6
cfi=(67)
cfn=(304)
calls=1 1281 
* 1457
* 2
+1 4
+1 3
fi=(73) /build/buildd/eglibc-2.19/libio/libioP.h
904 2
+1 8
fe=(65)
47 7
-7 2
+2 3
cfi=(68)
cfn=(326)
calls=1 239 
* 182
* 2

fl=(56) /build/buildd/eglibc-2.19/string/../sysdeps/x86_64/cacheinfo.c
fn=(242) init_cacheinfo
550 5
cfi=(43)
cfn=(178)
calls=1 55 
* 2
* 2
+13 3
+7 2
+2 2
+3 1
-3 1
cfn=(244) handle_intel
calls=1 305 
* 1176
+4 1
-4 1
+4 2
cfn=(244)
calls=1 305 
* 1193
+2 1
-2 1
+2 1
+11 2
+18 4
+7 1
-7 1
+7 3
+9 15
-9 12
+6 4
-6 5
+6 2
+49 4
+75 2
+2 3
+3 2
+1 2
-3 1
+3 1
+1 1
+3 2
+2 1
+1 1
-1 1
+3 1
-3 1
+4 2
+1 1
-1 1
+3 6
-93 5
-45 2
+6 6
+26 3
-75 2
-1 1
+1 1
cfn=(244)
calls=1 305 
* 930
* 2

fn=(244)
305 12
+1 3
-1 3
+1 3
+16 3
-3 6
+1 6
-3 3
+11 6
+12 18
cfn=(246) intel_check_word
calls=3 161 
* 1203
+1 6
+3 15
cfn=(246)
calls=3 161 
* 933
+1 6
+3 15
cfn=(246)
calls=3 161 
* 96
+1 6
+3 15
cfn=(246)
calls=3 161 
* 870
+1 6
-31 4
+6 12
+5 3
-5 9
+5 3
+2 3
+1 3
-1 6
+22 1
+4 1
-4 3
+1 2
+4 15

fn=(246)
161 72
cfi=(43)
cfn=(178)
calls=12 55 
* 24
* 12
+1 12
-1 24
+1 12
+6 96
+2 12
-2 12
+2 51
+2 9
+2 18
-2 21
+2 42
+8 60
+53 66
+21 2
fi=(57) /build/buildd/eglibc-2.19/string/../bits/stdlib-bsearch.h
27 30
+1 120
+3 246
-2 126
+2 126
-2 126
+2 228
fe=(56)
150 114
fi=(57)
32 114
fe=(56)
150 228
fi=(57)
31 82
fe=(56)
150 82
fi=(57)
32 82
fe=(56)
150 164
+3 189
fi=(57)
37 63
-8 63
+8 63
-8 63
fe=(56)
295 26
170 78
-6 10
300 60
-25 28
+14 10
+1 2
+5 2
-5 2
170 8
277 4
+2 4
+2 2
+19 12

ob=(5)
fl=(59)
fn=(274)
0 6
cfn=(276) __x86.get_pc_thunk.bx
calls=1 0 
0 2
0 5
cob=(2) ???
cfi=(16) ???
cfn=(278) 0x080482b0
calls=1 0 
0 12
0 12
cfn=(284) 0x080483f0
calls=1 0 
0 13
0 9

fn=(338) b
0 250000011
cfn=(340) a
calls=1 0 
0 100000012
0 1
cfn=(342) c
calls=1 0 
0 200000012
0 3

fn=(362) 0x080483d0
0 6
cfn=(366) 0x08048360
calls=1 0 
0 5
0 3

fn=(276)
0 6

fn=(342)
0 200000012

fn=(284)
0 13

fn=(340)
0 100000012

fn=(254) 0x08048320
0 13
cob=(3)
cfi=(62)
cfn=(268)
calls=1 133 
0 550005833
cob=(1)
cfi=(60)
cfn=(262)
calls=1 28 
0 1009
0 5

fn=(294)
0 6
cob=(3)
cfi=(65)
cfn=(300)
calls=1 34 
0 1781
cob=(1)
cfi=(60)
cfn=(262)
calls=1 28 
0 782
0 5
0 1
cfn=(338)
calls=1 0 
0 550000039
0 2

fn=(366)
0 5

ob=(1)
fl=(17) /build/buildd/eglibc-2.19/elf/dl-minimal.c
fn=(40) malloc
93 63
cfi=(3) /build/buildd/eglibc-2.19/elf/../sysdeps/i386/dl-tlsdesc.S
cfn=(4) 0x000187a8
calls=21 +37 
* 42
* 21
+1 84
cfn=(44) __libc_memalign
calls=21 -43 
* 819
* 21
+1 63

fn=(80) strsep
335 28
cfi=(3)
cfn=(4)
calls=4 130 
* 8
* 4
+3 16
+2 8
+1 4
-1 4
+1 4
+4 187
+7 472
-2 236
+10 59
-15 179
+18 4
+4 28

fn=(36) calloc
102 56
cfi=(3)
cfn=(4)
calls=8 +28 
* 16
* 8
+7 8
-3 8
+3 8
-3 8
+3 16
+4 16
cfn=(40)
calls=8 -20 
* 437
* 8
+1 40

fn=(44)
51 88
cfi=(3)
cfn=(4)
calls=22 +79 
* 44
* 88
+1 87
+11 21
+1 21
-1 21
+3 42
-3 21
+3 21
-3 1
+1 1
-1 1
+3 2
-3 1
+3 81
+4 8
+1 6
+6 14
cfi=(26) /build/buildd/eglibc-2.19/misc/../sysdeps/unix/sysv/linux/i386/mmap.S
cfn=(74) mmap
calls=2 -48 
* 46
+2 10
+4 6
+3 2
+1 2
+2 12
-3 20
+1 20
+2 160
-31 3
+1 1
-2 3

fn=(88) free
119 3
cfi=(3)
cfn=(4)
calls=1 +11 
* 2
* 3
+2 2
+7 4

fl=(36) /build/buildd/eglibc-2.19/elf/dl-cache.c
fn=(198) _dl_unload_cache
308 2
cfi=(3)
cfn=(4)
calls=1 130 
* 2
* 2
+1 4
+2 4
cfi=(48) /build/buildd/eglibc-2.19/misc/../sysdeps/unix/syscall-template.S
cfn=(200) munmap
calls=1 81 
* 9
+1 1
+2 3

fn=(132) _dl_load_cache_lookup
182 5
cfi=(3)
cfn=(4)
calls=1 -52 
* 2
* 3
+8 2
+3 3
+51 4
+9 1
+2 1
-2 2
fi=(37) /build/buildd/eglibc-2.19/elf/../sysdeps/i386/dl-procinfo.h
100 4
+3 3
cfi=(19) /build/buildd/eglibc-2.19/string/../sysdeps/i386/i686/multiarch/../strcmp.S
cfn=(54) strcmp
calls=1 -73 
* 16
* 9
cfi=(19)
cfn=(54)
calls=3 -73 
* 71
* 8
-2 12
fe=(36)
259 4
cfi=(24) /build/buildd/eglibc-2.19/io/../sysdeps/unix/syscall-template.S
cfn=(68) access
calls=1 81 
* 16
* 1
+4 8
+15 153
cfn=(138) _dl_cache_libcmp
calls=10 138 
* 1066
* 49
fi=(37)
104 1
fe=(36)
257 10
-61 4
cfi=(31) /build/buildd/eglibc-2.19/elf/dl-misc.c
cfn=(134) _dl_sysdep_read_whole_file
calls=1 45 
* 102
+8 1
-8 1
+8 4
+1 5
cfi=(14) /build/buildd/eglibc-2.19/string/../sysdeps/i386/i686/multiarch/../memcmp.S
cfn=(30) bcmp
calls=1 46 
* 40
* 2
+7 1
-3 1
+3 2
+3 1
+1 2
-1 1
+1 1
+1 5
cfi=(14)
cfn=(30)
calls=1 46 
* 43
* 2
+2 2
+59 18
cfn=(138)
calls=1 138 
* 108
* 5
-15 1
+15 1
-15 4
+15 16
-15 2
+15 1
-14 1
-1 2
+15 26
+16 2
+5 7

fn=(138)
138 66
+1 48
+2 53
+2 53
-2 106
+2 6
+7 1
-1 3
+1 1
-1 1
+1 3
+1 3
-2 1
+2 1
+2 5
+2 2
+6 260
+2 208
+4 42
-28 42
+29 42
-29 127
+32 1
+1 4
-1 1
+1 1
-19 3
+11 10
+8 10
-8 20
+8 10
-8 10
+8 30

fl=(1)
fn=(0) 0x000010d0
0 2
cfi=(2) /build/buildd/eglibc-2.19/elf/rtld.c
cfn=(2) _dl_start
calls=1 362 
0 103948
0 2
cfn=(204) 0x000010c0
calls=1 0 
0 2
0 17
cfi=(49) /build/buildd/eglibc-2.19/elf/dl-init.c
cfn=(208) _dl_init
calls=1 86 
0 3948
0 3
cob=(5)
cfi=(59)
cfn=(254)
calls=1 0 
0 550006860

fn=(204)
0 2

fn=(316)
0 6

fl=(2)
fn=(102) map_doit
625 1
+2 1
-2 4
+2 7
cfi=(22) /build/buildd/eglibc-2.19/elf/dl-load.c
cfn=(104) _dl_map_object
calls=1 2317 
* 2890
* 2
+2 3

fn=(152) init_tls
717 1
+7 1
-7 3
cfi=(3)
cfn=(4)
calls=1 130 
* 2
* 2
+2 1
+4 1
-4 1
+4 1
+10 4
cfi=(17)
cfn=(36)
calls=1 102 
* 112
* 1
-4 1
+15 1
-12 1
+6 1
-9 1
+11 1
+4 1
+2 1
-1 1
+1 10
+2 8
+4 1
+2 1
-7 8
+9 2
+3 1
cfi=(38)
cfn=(154) _dl_determine_tlsoffset
calls=1 112 
* 86
+7 1
cfi=(38)
cfn=(156) _dl_allocate_tls_storage
calls=1 328 
* 482
+1 1
-1 1
+1 1
+6 1
+8 1
-8 1
+8 17
+4 1
+2 2
+1 5

fn=(160) security_init
851 3
cfi=(3)
cfn=(4)
calls=1 130 
* 2
* 2
+2 1
fi=(40) /build/buildd/eglibc-2.19/elf/../sysdeps/unix/sysv/linux/dl-osinfo.h
61 2
+23 2
+2 1
+7 1
fe=(2)
855 1
+6 2
+2 1
fi=(40)
101 2
+11 1
fe=(2)
866 1
+2 1
+6 1
+1 4

fn=(26) dl_main
891 6
cfi=(3)
cfn=(4)
calls=1 130 
* 2
* 2
2488 1
-1 1
910 2
+3 2
+4 2
+1 2
+5 2
2485 1
+7 1
-7 1
+7 7
2650 2
2494 2
cfi=(13) /build/buildd/eglibc-2.19/elf/dl-environ.c
cfn=(28) _dl_next_ld_env_entry
calls=1 30 
* 76
* 4
cfi=(13)
cfn=(28)
calls=2 30 
* 419
* 9
+4 50
+1 19
-1 57
+3 4
+6 12
2660 3
+33 3
933 4
1132 7
cfi=(15) /build/buildd/eglibc-2.19/elf/dl-object.c
cfn=(32) _dl_new_object
calls=1 61 
* 284
* 1
+2 1
-2 1
+2 1
+1 1
+6 1
-6 1
+2 1
-2 1
+1 1
+1 1
-1 1
+1 1
+4 2
cfi=(15)
cfn=(48) _dl_add_to_namespace_list
calls=1 32 
* 47
+1 2
900 1
1163 1
+8 1
-3 1
+3 3
-8 1
+1 1
+2 1
+5 2
+56 1
-34 2
+21 1
897 1
1214 1
+13 4
-55 24
-1 27
+1 47
-1 3
1274 4
+3 2
+2 2
+2 3
+13 3
+1 9
cfi=(19)
cfn=(54)
calls=1 30 
* 9
* 3
+7 1
+3 1
-5 1
+3 1
+2 2
+1 2
+4 2
+2 3
fi=(4) /build/buildd/eglibc-2.19/elf/get-dynamic-info.h
29 2
+9 2
+4 1
+2 1
+7 1
-7 2
+8 12
+10 3
-18 9
+8 19
+10 19
-18 57
+18 1
-18 3
+2 46
+5 16
+2 4
+16 4
+38 4
+7 3
+5 4
+4 4
+1 3
+12 4
+14 4
+18 4
fe=(2)
1317 2
cfi=(7) /build/buildd/eglibc-2.19/elf/dl-lookup.c
cfn=(12) _dl_setup_hash
calls=1 859 
* 37
+3 2
fi=(20) /build/buildd/eglibc-2.19/elf/setup-vdso.h
24 3
fe=(2)
1342 6
1176 3
+1 1
+90 2
+1 2
+1 1
-6 2
+1 1
-37 8
-1 6
+2 4
+1 1
+3 2
+1 2
-1 2
+1 2
+1 2
+1 6
+1 2
-43 1
-2 2
+27 1
-25 1
+7 1
-10 1
+10 2
-19 3
+1 1
fi=(4)
56 4
+3 4
+2 3
fe=(2)
2583 5
cfi=(14)
cfn=(30)
calls=1 46 
* 35
* 2
+2 3
-55 5
cfi=(14)
cfn=(30)
calls=1 46 
* 30
* 2
+7 5
cfi=(14)
cfn=(30)
calls=1 46 
* 36
* 2
+2 3
fi=(4)
114 2
fe=(2)
1347 2
cfi=(22)
cfn=(64) _dl_init_paths
calls=1 714 
* 4578
+3 3
cfi=(28) /build/buildd/eglibc-2.19/elf/dl-debug.c
cfn=(90) _dl_debug_initialize
calls=1 47 
* 22
* 1
+2 1
+5 3
+3 3
+1 1
+1 1
+2 1
-3 3
+1 2
+3 2
+5 1
-7 1
+7 1
+1 6
+4 1
+2 1
+2 1
-2 1
+8 2
-7 1
+7 1
-6 1
+5 2
+1 6
+2 2
+1 2
+5 3
+5 3
906 1
1579 4
+3 2
+4 3
+5 2
+1 1
cfi=(28)
cfn=(92) _dl_debug_state
calls=1 74 
* 1
+5 3
+15 4
+4 3
+31 5
cfi=(24)
cfn=(68)
calls=1 81 
* 16
* 2
+77 4
+17 1
+1 2
-1 2
+1 9
cfi=(34) /build/buildd/eglibc-2.19/elf/dl-deps.c
cfn=(124) _dl_map_object_deps
calls=1 147 
* 9764
* 1
+1 1
+5 1
-3 4
+3 5
+1 3
-1 2
+1 9
-1 6
+4 3
+1 3
+1 1
+2 2
+1 5
-1 2
+1 6
-1 6
-28 4
+1 1
-1 3
+4 2
+1 1
+1 2
+1 2
1521 1
1770 1
-1 1
+1 1
-1 1
+1 1
+2 1
+2 3
+2 1
-4 1
+5 1
-1 2
+14 2
+1 2
+1 3
+11 5
+1 1
+1 1
-1 1
+1 5
cfi=(29) /build/buildd/eglibc-2.19/elf/dl-error.c
cfn=(142) _dl_receive_error
calls=1 205 
* 3094
+11 1
-1 1
+1 1
-1 1
+1 1
+1 1
cfn=(152)
calls=1 717 
* 770
* 1
+2 3
+3 1
cfn=(160)
calls=1 851 
* 28
+2 3
2054 4
+56 2
+4 1
-4 1
+11 1
-11 1
+4 3
+4 2
+3 1
+8 3
+46 5
+7 1
+2 2
+1 1
-1 1
+1 2
+1 5
+2 12
+5 8
+2 8
+6 4
+2 8
+1 33
cfi=(41) /build/buildd/eglibc-2.19/elf/dl-reloc.c
cfn=(164) _dl_relocate_object
calls=3 154 
* 70691
+4 22
-22 16
+25 1
+2 3
+6 1
-6 1
+6 2
+5 5
+1 1
+5 2
cfi=(38)
cfn=(194) _dl_allocate_tls_init
calls=1 376 
* 144
+4 2
+14 3
+2 3
+29 1
cfi=(8) /build/buildd/eglibc-2.19/elf/../elf/dl-sysdep.c
cfn=(196) _dl_sysdep_start_cleanup
calls=1 256 
* 1
+4 3
+20 3
cfi=(28)
cfn=(90)
calls=1 47 
* 15
+1 1
+1 1
cfi=(28)
cfn=(92)
calls=1 74 
* 1
+5 1
cfi=(36)
cfn=(198)
calls=1 308 
* 27
+5 6
2209 2
cfi=(38)
cfn=(192) _dl_add_to_slotinfo
calls=1 831 
* 29
* 1
-12 1
+1 1
-3 2
+55 2
+15 3
+2 1
+1 8
cfi=(41)
cfn=(164)
calls=1 154 
* 6884
+1 1
+2 5
2062 1
899 2
1767 2
1623 2
cfi=(11) /build/buildd/eglibc-2.19/string/../sysdeps/i386/i686/multiarch/../../i586/strlen.S
cfn=(22) strlen
calls=1 43 
* 123
* 10
cfi=(18) /build/buildd/eglibc-2.19/string/../sysdeps/i386/i686/multiarch/../memcpy.S
cfn=(46) memcpy
calls=1 40 
* 32
* 1
+3 5
-12 1
+19 2
-4 4
cfi=(17)
cfn=(80)
calls=1 335 
* 889
* 4
cfi=(17)
cfn=(80)
calls=1 335 
* 26
* 6
+1 2
+1 3
+2 4
cfn=(94) do_preload
calls=1 804 
* 3011
* 2
1336 4
+6 1
cfi=(9) /build/buildd/eglibc-2.19/elf/../sysdeps/unix/sysv/linux/dl-sysdep.c
cfn=(60) _dl_discover_osversion
calls=1 45 
* 91
* 2
1635 1
+1 2
+1 3

fn=(50) rtld_lock_default_lock_recursive
837 4
+1 8

fn=(52) rtld_lock_default_unlock_recursive
843 4
+1 8

fn=(94)
804 7
cfi=(3)
cfn=(4)
calls=1 130 
* 2
* 2
+6 1
+6 3
-5 1
+5 1
-10 1
+6 1
+2 1
+2 2
-2 1
+2 2
cfi=(29)
cfn=(96) _dl_catch_error
calls=1 163 
* 2971
* 2
+1 3
+8 4
+6 6

fn=(2)
362 7
cfi=(3)
cfn=(4)
calls=1 130 
* 2
* 2
+18 2
fi=(4)
44 1
+7 1
fe=(2)
380 1
fi=(6) /build/buildd/eglibc-2.19/elf/../sysdeps/i386/dl-machine.h
59 3
fi=(4)
-15 1
fe=(2)
409 1
-3 1
fi=(4)
44 1
+8 16
+10 4
-18 12
+8 13
+10 13
-18 39
+18 1
-18 3
+2 36
+5 20
+2 4
+16 2
+20 4
+1 4
+1 4
+1 4
+5 4
+2 4
+1 4
+1 4
+6 3
+3 2
+13 3
+1 3
+4 3
+2 3
+3 3
+1 3
fe=(2)
537 2
285 1
544 1
285 81
+12 2
cfi=(7)
cfn=(12)
calls=1 859 
* 37
+1 2
+1 2
+1 2
+1 2
+21 2
+10 3
-10 1
+4 1
+6 2
cfi=(8)
cfn=(14) _dl_sysdep_start
calls=1 86 
* 103142
* 1
+9 1
+3 2
+4 1
-4 2
+4 1
569 7
fi=(4)
56 4
fe=(2)
542 39
fi=(5) /build/buildd/eglibc-2.19/elf/do-rel.h
84 1
+27 1
-28 2
+28 2
+1 2
fi=(6)
639 2
fi=(5)
112 20
fi=(6)
639 20
fi=(5)
111 11
fi=(6)
640 11
fi=(5)
111 22
+5 3
+8 3
fi=(6)
409 2
fi=(5)
124 4
+15 2
fi=(6)
338 1
fi=(5)
139 1
-2 2
fi=(6)
308 1
fi=(5)
137 3
fi=(6)
338 2
+3 4
fi=(5)
139 16
fi=(6)
338 8
fi=(5)
139 8
-2 16
fi=(6)
308 8
fi=(5)
137 24
fi=(6)
338 16
+3 32
+6 54
fi=(4)
59 4
+2 3
fi=(5)
+63 28
fi=(6)
357 27
fe=(2)

fn=(98) _dl_initial_error_catch_tsd
795 4
cfi=(22)
cfn=(70) 0x000187a4
calls=4 1512 
* 8
* 4
+3 8

fn=(144) version_check_doit
657 1
+2 1
-2 2
cfi=(3)
cfn=(4)
calls=1 130 
* 2
* 3
+2 3
cfi=(39) /build/buildd/eglibc-2.19/elf/dl-version.c
cfn=(146) _dl_check_all_versions
calls=1 380 
* 3037
* 2
+4 4

fl=(7)
fn=(174) check_match.9376
131 616
+1 88
+2 88
-3 88
cfi=(3)
cfn=(4)
calls=88 -1 
* 176
* 88
+1 88
+2 176
+2 264
-2 176
+12 264
+3 278
cfi=(19)
cfn=(54)
calls=17 30 
* 1524
* 34
+5 88
-1 88
+1 88
-1 88
+1 88
+2 170
+19 170
+1 595
+3 86
+43 528
-18 6
+2 6
+1 3
-1 3
+1 3
-1 3
+1 6
-1 6
+4 4
+1 10
-34 510
cfi=(19)
cfn=(54)
calls=85 30 
* 6430
* 255
+36 4

fn=(172) do_lookup_x
82 564
-5 188
+5 282
cfi=(3)
cfn=(4)
calls=94 +48 
* 188
* 188
-5 658
+11 94
+1 94
-1 94
229 282
114 376
-16 94
-3 94
+1 94
+2 188
+3 94
-3 94
+3 94
-3 201
-3 201
+1 201
+2 402
+3 201
-3 201
+3 201
+4 590
+4 590
+4 590
+6 1180
+4 295
225 295
123 295
226 295
123 295
+1 885
226 295
+4 590
+3 590
-5 295
+5 885
+4 590
-1 590
+1 295
-1 590
+21 209
+24 418
461 1779
+1 44
cfi=(31)
cfn=(106) _dl_name_match_p
calls=22 288 
* 1186
* 66
+3 621
+4 6
-1 6
+1 30
281 2
+2 4
+3 748
+17 264
+1 264
+1 88
469 528
290 33
-50 282
-1 188
+2 188
+2 94
+6 94
-6 94
+6 282
+4 324
-7 970
+2 352
+1 88
-1 176
+1 264
cfn=(174)
calls=88 131 
* 13186
+1 180
+22 188

fn=(12)
859 12
-3 20
+7 4
-7 4
cfi=(3)
cfn=(4)
calls=4 130 
* 8
* 4
+11 8
+2 4
-1 4
+3 12
+1 4
+1 8
+7 4
-5 4
-2 4
+3 4
+2 4
+1 4
+1 8
+14 24

fn=(170) _dl_lookup_symbol_x
714 282
475 94
714 470
476 188
714 94
cfi=(3)
cfn=(4)
calls=94 130 
* 188
* 188
476 282
+1 94
-1 94
+1 282
-1 282
+1 1168
-1 1168
+1 3504
-1 3504
724 94
-4 94
-4 94
+8 94
-7 188
+7 264
+5 94
+2 94
-2 94
+2 94
-2 94
+6 94
-7 94
+7 94
-7 940
+15 6
-8 24
+2 1974
cfn=(172)
calls=94 82 
* 38644
+3 188
+26 376
+22 176
+1 616
+26 88
+9 440
+14 264
+3 352
+5 176
+2 564
-80 48
+16 12
+1 12
+54 2

fl=(24)
fn=(122) close
81 21
+1 3

fn=(112) read
81 18
+1 2

fn=(110) open
81 171
+1 19
cfi=(22)
cfn=(70)
calls=16 1512 
* 32
* 80

fn=(68)
81 24
+1 3
cfi=(22)
cfn=(70)
calls=3 1512 
* 6
* 15

fl=(26)
fn=(74)
29 8
+2 8
+2 8
+2 8
+3 8
+2 8
+1 8
+1 8
+2 8
+2 8
+2 8
+1 8
+1 8
+1 8
+2 8
+3 8
+3 8
+3 8
+3 8
+3 8
+5 8
+1 8
+3 8

fl=(48)
fn=(190) mprotect
81 36
+1 4

fn=(200)
81 8
+1 1

fl=(38)
fn=(154)
112 5
cfi=(3)
cfn=(4)
calls=1 +18 
* 2
* 2
+6 3
+3 3
+36 1
-34 2
+34 2
+2 4
-2 1
-2 1
-40 1
-1 1
-1 2
+44 6
+5 1
-1 1
+5 1
-4 1
-1 2
+3 1
-3 1
+7 1
-4 3
+2 6
+16 5
+2 1
-2 1
+2 1
+1 1
-1 2
+10 1
-12 2
+15 9
+1 1
+51 2
+1 6

fn=(156)
328 5
cfi=(3)
cfn=(4)
calls=1 130 
* 2
* 2
+2 1
+11 4
cfi=(17)
cfn=(44)
calls=1 51 
* 35
* 1
+1 1
-1 1
+1 1
+7 1
+4 318
+11 2
cfn=(158) allocate_dtv
calls=1 -76 
* 100
+1 2
+5 6

fn=(140) _dl_next_tls_modid
50 5
cfi=(3)
cfn=(4)
calls=1 +80 
* 2
* 2
+3 3
+48 2
+4 6

fn=(194)
376 6
cfi=(3)
cfn=(4)
calls=1 130 
* 2
* 1
+1 1
-1 1
+1 1
+4 2
+3 1
-1 1
-2 1
+8 3
+5 8
+6 6
+22 2
+1 5
+2 2
+1 3
+8 3
+1 1
+1 5
cfi=(25) /build/buildd/eglibc-2.19/string/../sysdeps/i386/i686/multiarch/../mempcpy.S
cfn=(72) mempcpy
calls=1 40 
* 16
* 6
cfi=(33) /build/buildd/eglibc-2.19/string/../sysdeps/i386/i686/multiarch/../memset.S
cfn=(118) memset
calls=1 48 
* 36
-42 7
+6 2
+3 1
+1 2
+6 5
+3 2
-1 2
+38 3
+2 1
+1 6

fn=(158)
288 5
cfi=(3)
cfn=(4)
calls=1 130 
* 2
* 2
+8 1
-1 2
+1 3
cfi=(17)
cfn=(36)
calls=1 102 
* 73
* 1
+1 2
+9 1
-6 1
+6 1
+6 6

fn=(192)
831 6
cfi=(3)
cfn=(4)
calls=1 130 
* 2
* 2
+6 2
+3 2
+5 3
+41 3
+1 3
+1 6

fn=(356)
769 3
cfi=(3)
cfn=(4)
calls=1 130 
* 2
* 1
+1 1
+2 3
+3 2
+2 2
+3 2
+1 3

fl=(61) /build/buildd/eglibc-2.19/elf/dl-runtime.c
fn=(264) _dl_fixup
66 28
+3 4
-3 4
cfi=(3)
cfn=(4)
calls=4 +64 
* 8
* 4
+3 8
+3 8
+1 40
+1 12
+5 4
-5 4
+5 4
+4 12
+4 12
+4 9
+1 9
+2 12
+7 12
-1 4
+11 56
cfi=(7)
cfn=(170)
calls=4 714 
* 3227
* 8
+4 12
+10 28
+16 16
+4 12
fi=(6)
274 8
fe=(61)
149 28
-64 2

fl=(23) /build/buildd/eglibc-2.19/elf/dl-hwcaps.c
fn=(66) _dl_important_hwcaps
39 7
cfi=(3)
cfn=(4)
calls=1 +91 
* 2
* 5
+2 5
+1 1
-1 1
+1 1
+9 1
-9 3
+9 8
+1 7
-1 1
+1 1
+1 1
-2 1
+2 1
-2 6
+1 182
-1 26
+1 26
+1 26
-2 26
+2 26
-2 480
+10 4
+31 2
+23 5
cfi=(24)
cfn=(68)
calls=1 -34 
* 16
* 3
-2 3
+17 5
+3 1
-3 1
+3 1
+29 3
+3 2
-3 1
+3 4
-2 270
+2 16
+1 4
cfi=(11)
cfn=(22)
calls=2 43 
* 50
+1 2
-1 4
+1 10
+1 2
-1 12
-5 112
+8 2
+2 3
+1 6
+4 1
+4 1
-4 2
+1 1
+3 1
+3 1
+1 1
-1 1
+4 2
+1 1
-1 6
+1 1
+2 1
+1 6
+1 2
-1 3
+1 2
-1 3
+2 2
+1 2
+2 2
-1 1
+1 1
-1 2
+5 4
+6 6
+1 3
-1 1
+1 1
cfi=(17)
cfn=(40)
calls=1 93 
* 49
* 1
+1 1
-1 1
+1 1
+29 3
+3 1
-3 2
+3 2
+7 12
+6 1
-3 1
+3 1
-3 1
+3 4
cfi=(25)
cfn=(72)
calls=1 40 
* 16
* 3
-3 3
+3 3
-3 3
+3 12
cfi=(25)
cfn=(72)
calls=3 40 
* 48
+3 4
-3 4
+3 4
-3 8
+3 20
+1 40
+1 36
cfi=(25)
cfn=(72)
calls=4 40 
* 60
* 12
-2 4
+2 4
-2 4
+5 32
cfi=(25)
cfn=(72)
calls=4 40 
* 60
+2 4
-2 8
+2 8
+5 10
+1 2
-1 2
+1 30
-1 33
+8 1
-3 3
+3 1
-3 1
+3 6
-3 9
+3 3
-3 3
+3 13
+1 96
+1 32
-1 32
+1 64
-2 32
+1 64
-1 96
+4 8
+3 1
+2 2
-2 1
+1 1
+1 1
-1 1
+1 2
-1 1
+1 2
+3 3
+3 3
-3 6
-3 6
+2 30
+3 3
+1 3
-1 3
-5 15
+13 1
+1 1
-1 2
+3 2
-3 7
+1 7
-1 14
+3 14
+3 4
+3 1
-1 1
+1 5
145 2
-14 2

fl=(41)
fn=(164)
154 32
cfi=(3)
cfn=(4)
calls=4 -24 
* 8
* 4
+15 8
+1 20
+6 12
+6 12
-18 8
+22 4
-22 4
+22 4
+7 16
-32 4
+77 16
fi=(6)
103 28
fe=(41)
264 274
-99 44
fi=(5)
-67 8
fe=(41)
264 4
fi=(5)
47 4
+11 4
-11 4
fe=(41)
264 4
fi=(5)
58 4
fe=(41)
264 4
fi=(5)
47 4
+11 4
-11 4
fe=(41)
264 4
fi=(5)
58 4
+3 3
fi=(6)
401 6
fi=(5)
61 6
fi=(6)
661 3
-1 6
+1 3
-1 3
+3 6
-2 15
-1 30
+1 15
-1 15
+3 30
+2 56
+1 14
fi=(5)
61 86
fe=(41)
264 244
fi=(6)
610 8
fi=(5)
47 4
+51 4
-52 4
+1 4
+37 4
+14 4
-14 4
-1 4
+3 4
-3 4
+3 12
+12 4
-51 4
+51 4
-52 4
+1 4
+37 4
+14 4
-14 4
-1 4
+3 4
-3 4
+3 12
+12 4
+10 26
+10 32
+3 6
+3 6
-3 6
+3 6
fi=(6)
511 8
fe=(41)
264 24
+3 12
+28 4
+3 4
-3 4
+3 8
+17 16
+1 8
cfn=(188) _dl_protect_relro
calls=4 +6 
* 168
* 8
+1 24
183 12
fi=(6)
-74 6
+4 9
+13 3
-8 3
+8 3
-8 3
+8 3
+13 9
fi=(5)
-55 10
-1 10
+3 10
+12 15
+7 9
+6 4
+1 4
fi=(6)
639 10
fi=(5)
112 2508
fi=(6)
639 2508
fi=(5)
111 1256
fi=(6)
640 1256
fi=(5)
111 2512
+7 20
+3 8
+3 12
fi=(6)
465 9
fi=(5)
136 3
+3 3
-3 6
+3 3
-1 3
-2 6
+2 3
-2 3
+1 6
+2 3
-1 3
fi=(6)
308 3
+3 3
fi=(5)
137 6
fi=(6)
311 3
fi=(5)
136 100
+3 100
-3 200
+3 100
-1 100
-2 200
+2 100
-2 100
+1 200
+2 100
-1 100
fi=(6)
308 100
+3 100
fi=(5)
137 200
fi=(6)
311 100
+17 206
+9 2538
fi=(5)
137 79
fi=(6)
337 237
fi=(5)
138 79
fi=(6)
337 340
fi=(5)
137 6
fi=(6)
337 18
fi=(5)
138 6
fi=(6)
337 1554
cfi=(7)
cfn=(170)
calls=85 714 
* 52379
* 510
+1 382
+3 404
+6 515
fi=(5)
124 415
fi=(6)
370 6
+1 12
+67 30
+2 40
+1 70
-84 243
+91 27
337 39
+1 2
+2 4
fe=(41)
-76 104
fi=(6)
465 2
fi=(5)
160 4
+11 3
-1 1
+1 1
-1 1
fi=(6)
308 1
fi=(5)
170 3
fi=(6)
311 3
fi=(5)
171 12
-1 4
+1 4
-1 4
fi=(6)
308 4
fi=(5)
170 12
fi=(6)
311 12
+17 10
+9 205
cfi=(7)
cfn=(170)
calls=5 714 
* 2758
* 30
+1 13
+3 4
+6 25
fi=(5)
160 21
fi=(6)
340 4
-2 4
+2 4
fe=(41)
-76 3
fi=(6)
+93 20
fi=(5)
111 18
+49 8
fi=(6)
502 16
fe=(41)
264 28
fi=(6)
671 8
337 135
718 8
+2 4
+1 4
-1 8
+1 8
+1 4
cob=(3)
cfi=(47)
cfn=(186)
calls=1 28 
* 13
cob=(3)
cfi=(46)
cfn=(184)
calls=1 36 
* 14
cob=(3)
cfi=(45)
cfn=(182)
calls=1 27 
* 15
cob=(3)
cfi=(42)
cfn=(176)
calls=1 28 
* 105
+1 8
fe=(41)

fn=(188)
322 24
cfi=(3)
cfn=(4)
calls=4 130 
* 8
* 8
+1 8
+1 8
-1 8
+2 8
+3 8
+1 20
cfi=(48)
cfn=(190)
calls=4 81 
* 40
* 8
+6 20

fl=(22)
fn=(70)
1512 46

fn=(82) expand_dynamic_string_token
415 14
cfi=(3)
cfn=(4)
calls=2 130 
* 4
* 6
+10 4
-10 2
+10 2
cfi=(27) /build/buildd/eglibc-2.19/string/../sysdeps/i386/i686/multiarch/../../i586/strchr.S
cfn=(76) index
calls=2 45 
* 366
* 4
+15 2
-11 2
+11 8
-11 2
cfn=(84) local_strdup
calls=2 160 
* 389

fn=(128) open_path
2168 7
+1 1
-1 1
cfi=(3)
cfn=(4)
calls=1 130 
* 2
* 2
+1 1
+6 1
-6 1
+6 1
+5 3
-7 1
-1 1
+8 10
1633 3
2192 3
+7 7
cfi=(25)
cfn=(72)
calls=1 40 
* 19
* 1
+1 3
+14 1
-14 1
-13 1
+27 2
+6 32
-20 63
+3 32
+4 144
cfi=(25)
cfn=(72)
calls=16 40 
* 272
* 96
cfi=(25)
cfn=(72)
calls=16 40 
* 272
+3 32
+3 48
+3 160
cfn=(108) open_verify
calls=16 1873 
* 768
* 16
+2 48
+67 6
+5 1
+2 1
-2 1
+2 4
+3 3
-13 1
+27 6
-84 48
+1 96
+6 96
+2 80
cfi=(35) /build/buildd/eglibc-2.19/io/../sysdeps/unix/sysv/linux/xstat64.c
cfn=(130) __xstat64
calls=16 33 
* 285
* 32
+1 4
+2 30
+7 32
-5 3

fn=(78) fillin_rpath
486 6
cfi=(3)
cfn=(4)
calls=1 130 
* 2
* 6
+2 3
+3 5
cfi=(17)
cfn=(80)
calls=1 335 
* 300
* 5
cfi=(17)
cfn=(80)
calls=1 335 
* 26
* 4
+4 4
cfn=(82)
calls=1 -80 
* 288
+2 1
-2 1
+2 1
cfi=(11)
cfn=(22)
calls=1 43 
* 50
+7 2
-3 1
-4 1
+4 1
+7 6
+8 3
+7 20
+1 8
+57 2
cfi=(17)
cfn=(88)
calls=1 119 
* 14
* 1
* 3
-39 3
+4 3
+1 3
-1 1
+1 1
-2 2
cfi=(17)
cfn=(40)
calls=1 93 
* 49
* 1
+3 2
-3 1
+3 1
+5 1
-1 2
+2 5
cfi=(25)
cfn=(72)
calls=1 40 
* 19
+1 1
+2 1
-3 1
+1 1
+2 1
+6 4
+1 1
-1 1
+1 5
+1 1
-1 3
+1 15
-1 46
+4 1
-1 1
+1 1
-1 1
+1 1
+7 1
+4 1
-3 1
-1 1
+4 5
-71 2
+5 4
+29 2
+43 3
+3 6
-15 2

fn=(84)
160 15
cfi=(3)
cfn=(4)
calls=3 -30 
* 6
* 6
+1 6
cfi=(11)
cfn=(22)
calls=3 43 
* 261
* 3
+1 6
cfi=(17)
cfn=(40)
calls=3 -69 
* 147
* 3
+2 6
+3 12
cfi=(18)
cfn=(46)
calls=3 40 
* 99
+1 15

fn=(104)
2317 21
+7 3
-7 3
cfi=(3)
cfn=(4)
calls=3 130 
* 6
* 6
+7 6
+1 9
+3 24
+12 12
-12 18
+5 21
+1 14
+2 21
cfi=(31)
cfn=(106)
calls=7 288 
* 529
* 15
2607 6
2362 4
+10 12
+26 4
-2 2
+2 2
cfi=(27)
cfn=(76)
calls=2 45 
* 138
* 4
2538 8
cfn=(82)
calls=1 415 
* 517
+1 1
-3 1
+3 2
+4 7
cfn=(108)
calls=1 1873 
* 318
+3 1
-3 1
+3 1
+12 8
+2 2
-2 2
+2 2
+44 4
+1 32
cfn=(114) _dl_map_object_from_fd
calls=2 923 
* 3515
+2 12
2402 2
cfi=(11)
cfn=(22)
calls=1 43 
* 48
* 1
+2 1
-2 1
+2 1
+7 6
+35 2
+1 19
cfn=(128)
calls=1 2168 
* 2785
* 3
+6 7
+1 2
691 3
2530 2
-95 2
+21 1
+6 4
+2 3
+4 2
cfi=(36)
cfn=(132)
calls=1 182 
* 1868
+2 1
-2 1
+2 1
+4 4
+8 2
+22 13
cfn=(108)
calls=1 1873 
* 373
+3 3
+2 2
cfn=(84)
calls=1 160 
* 196
+1 2
-1 1
+1 1
-74 8
691 1
2437 1
691 2
2415 2
+1 1
-1 4
+5 3
691 1
2421 1
691 2
2341 18
+3 2
+1 4
+1 6
cfi=(19)
cfn=(54)
calls=2 30 
* 25
* 4

fn=(114)
923 14
cfi=(3)
cfn=(4)
calls=2 130 
* 4
* 6
+11 2
-11 2
+11 4
cfi=(28)
cfn=(90)
calls=2 47 
* 30
* 2
+4 10
cfi=(32) /build/buildd/eglibc-2.19/io/../sysdeps/unix/sysv/linux/fxstat64.c
cfn=(116) __fxstat64
calls=2 33 
* 30
* 4
+11 14
+1 14
-1 15
+1 40
+17 6
+25 4
+10 4
+22 8
+32 4
935 2
1059 20
cfi=(15)
cfn=(32)
calls=2 61 
* 1172
* 2
+1 2
-1 2
+1 2
+11 6
+1 6
+1 4
+2 6
+1 2
-1 2
-2 2
+3 10
+1 6
+24 20
+8 10
+97 2
1103 2
-1 2
-10 2
1206 4
-96 32
-1 102
+1 104
+6 4
+1 6
+1 2
+3 2
+1 1
+5 28
+6 4
+1 4
-1 24
+8 16
+1 4
-1 8
+1 4
-1 4
+1 24
+1 12
+2 4
-2 4
+3 4
-2 4
+2 4
-2 4
+3 8
+4 4
-5 4
+1 4
+4 4
+1 12
+5 14
-16 4
+26 2
-10 14
-16 4
+26 2
+3 3
+4 1
+1 1
+1 1
-1 1
+1 1
+4 2
+3 2
+4 4
+6 1
cfi=(38)
cfn=(140)
calls=1 50 
* 20
* 1
+1 1
+60 4
+1 4
+1 2
-6 4
+1 2
-72 4
+80 12
+13 8
+2 2
-2 2
+2 2
+19 20
-5 2
+5 4
cfi=(26)
cfn=(74)
calls=2 29 
* 46
+4 2
-4 2
+4 2
+7 2
+1 2
-1 2
+1 2
+2 2
-3 2
+1 2
+2 2
+10 2
+2 4
+33 16
+1 6
+2 12
+8 20
+6 2
+1 2
-1 2
+1 2
+1 4
+1 4
-1 8
+8 4
+3 4
+11 16
cfi=(33)
cfn=(118)
calls=2 48 
* 120
+1 10
+5 4
+15 4
-74 24
+2 10
+2 26
cfi=(26)
cfn=(74)
calls=2 29 
* 46
* 4
+74 8
+9 4
fi=(4)
38 2
fe=(22)
1427 4
fi=(4)
38 2
+6 2
-2 2
+2 4
+25 6
+20 8
+1 10
+1 10
+1 10
+2 6
+3 10
+2 10
+1 8
+1 10
+6 6
+7 6
+5 6
+4 6
+1 6
+12 6
+5 1
+2 1
-2 1
+2 1
+2 2
+2 2
+3 6
+2 1
+8 1
-8 1
+9 2
-1 1
+5 2
+3 6
fe=(22)
1433 4
+16 6
+19 4
+2 10
+55 6
+1 2
+3 3
cfi=(24)
cfn=(122)
calls=1 81 
* 8
* 3
cfi=(24)
cfn=(122)
calls=1 81 
* 8
* 4
+8 10
+3 6
+2 2
-2 2
+2 2
+16 4
cfi=(7)
cfn=(12)
calls=2 859 
* 74
+4 4
+1 6
+17 4
+1 1
+3 3
+1 1
-1 1
+1 2
+4 1
-4 1
+4 2
-5 3
+1 1
-1 1
+1 2
+4 1
-4 1
+4 2
+10 6
cfi=(15)
cfn=(48)
calls=2 32 
* 110
+4 8
+20 12
fi=(4)
52 32
+10 8
-18 24
+8 35
+10 35
-18 105
+18 2
-18 6
+2 90
+5 40
+2 8
+3 8
+3 8
+2 6
fe=(22)
1356 7
+1 8
+1 4
-1 2
+3 5
+43 11
cfi=(26)
cfn=(74)
calls=1 29 
* 23
+3 2
1537 4
+1 2
fi=(4)
114 4
fe=(22)

fn=(64)
714 7
cfi=(3)
cfn=(4)
calls=1 130 
* 2
* 2
+13 6
cfi=(23)
cfn=(66)
calls=1 39 
* 2618
* 1
+5 1
-5 1
+5 1
cfi=(17)
cfn=(40)
calls=1 93 
* 49
* 1
+1 1
-1 1
-1 1
+2 1
+8 1
-1 1
+1 2
-1 2
+5 4
cfi=(17)
cfn=(40)
calls=1 93 
* 88
* 1
-1 1
+3 1
-3 1
+3 2
+15 1
+14 4
-7 1
-7 2
+2 3
+3 7
+2 1
-16 1
+1 1
+11 1
+4 1
-1 1
+1 1
+4 24
+1 4
-1 12
+1 60
-1 184
+3 12
-14 3
+2 3
+12 3
-14 6
+2 3
+4 3
-3 3
+2 6
+1 6
+1 15
+3 9
-10 6
+7 6
+18 1
-11 1
+7 2
-1 1
+6 1
-5 1
+5 1
+2 4
+2 3
+38 4
+8 3
cfi=(27)
cfn=(76)
calls=1 45 
* 112
* 2
+2 2
cfi=(11)
cfn=(22)
calls=1 43 
* 54
* 10
cfi=(18)
cfn=(46)
calls=1 40 
* 25
* 1
+17 3
-1 3
+3 1
+1 2
+1 1
-4 3
+2 13
+1 26
+1 13
-4 40
+8 2
cfi=(17)
cfn=(40)
calls=1 93 
* 49
* 1
+1 1
-2 1
+2 1
+6 11
cfn=(78)
calls=1 486 
* 972
+4 4
+6 1
+4 6
-75 1
-2 1
+2 2
+14 2

fn=(108)
1873 108
cfi=(3)
cfn=(4)
calls=18 130 
* 36
* 108
+36 54
+21 72
cfi=(24)
cfn=(110)
calls=18 81 
* 292
+1 18
-1 18
+1 18
+11 4
+5 2
-6 2
+1 2
+5 18
cfi=(24)
cfn=(112)
calls=2 81 
* 20
+2 4
+2 4
+2 2
-2 4
+2 2
+6 4
+16 14
cfi=(14)
cfn=(30)
calls=2 46 
* 62
* 4
+2 4
-2 4
+4 14
cfi=(14)
cfn=(30)
calls=2 46 
* 72
-4 4
+75 6
+5 4
+3 10
+5 4
+7 2
+1 4
-1 4
+1 6
+1 6
+15 80
+2 36
+4 12
+1 6
+13 4
+1 2
-1 2
+1 4
-2 2
+4 6
+5 1
+1 1
-13 5
cfi=(14)
cfn=(30)
calls=1 46 
* 39
* 10
cfi=(14)
cfn=(30)
calls=2 46 
* 68
* 8
+16 2
+5 1
-2 1
+1 1
+1 1
+1 3
+1 4
-4 1
+1 1
-1 1
+2 1
-1 3
-1 1
+4 2
+5 16
+23 102
2006 3
+81 7
+67 6

fl=(11)
fn=(22)
43 15
+1 15
+2 15
+2 15
+1 7
+2 5
+1 5
+2 4
+1 4
+2 4
+2 4
+1 4
+2 4
+2 6
+1 6
+2 6
+1 6
+26 6
+1 6
+2 6
+1 6
+2 6
+1 6
-7 18
+1 18
+2 18
+1 18
+2 18
+1 18
+2 23
+2 23
+2 23
+3 23
+1 23
+2 23
+1 23
+2 23
+1 23
+2 21
+2 21
+2 21
+3 19
+1 19
+2 19
+1 19
+2 19
+1 19
+2 19
+2 19
+2 19
+3 18
+1 18
+2 18
+1 18
+2 18
+1 18
+2 12
+2 12
+2 12
+3 14
+1 14
+2 14
+1 14
+2 11
+1 11
+2 11
+2 5
+1 5
+2 5
+1 5
+4 15
+3 15

fl=(8)
fn=(196)
256 1

fn=(14)
86 7
cfi=(3)
cfn=(4)
calls=1 +44 
* 2
* 1
+25 1
-1 1
+1 302
+6 1
-3 1
-3 1
+3 1
+3 1
-2 1
+2 5
-10 1
-20 20
+1 2
+30 108
-1 84
+95 18
fi=(9)
35 2
cfi=(10) /build/buildd/eglibc-2.19/elf/../sysdeps/unix/sysv/linux/i386/brk.c
cfn=(18) brk
calls=1 -2 
* 17
fi=(6)
264 5
fe=(8)
-30 2
cfi=(12) /build/buildd/eglibc-2.19/elf/../misc/sbrk.c
cfn=(24) sbrk
calls=1 34 
* 23
* 3
+12 3
+3 7
cfi=(2)
cfn=(26)
calls=1 891 
* 102453
+1 1
+1 6
-72 2
+1 1
-29 2
+1 1
+11 2
+1 1
-7 4
+1 1
-4 1
+1 1
-25 2
+1 1
-4 2
+1 1
-7 1
+1 1
+2 1
+1 1
232 2
cfi=(11)
cfn=(22)
calls=1 43 
* 32
* 2

fl=(19)
fn=(54)
30 189
+1 189
+2 189
+1 189
+1 189
-2 1069
+1 1069
+1 1069
+1 1179
+1 1179
+1 1179
+1 1179
+2 110
+3 110
+2 79
+1 79
+1 79
+2 79

fl=(25)
fn=(72)
40 49
+1 49
+2 49
+1 49
+2 49
+1 49
+1 49
+1 49
+1 14
+1 14
+1 14
-1 35
+1 35
+1 32
+1 147
+2 49
+2 49
+3 49

fl=(39)
fn=(146)
380 7
cfi=(3)
cfn=(4)
calls=1 130 
* 2
* 1
+4 1
-4 1
+4 2
-2 2
+4 28
cfn=(148) _dl_check_map_versions
calls=4 174 
* 2958
-2 4
+2 12
-1 4
-1 8
+5 7

fn=(148)
174 32
+15 8
-15 4
cfi=(3)
cfn=(4)
calls=4 -44 
* 8
* 8
+15 8
+2 8
+2 16
+1 8
+2 4
-2 4
+2 4
+3 4
+4 2
-4 2
+4 6
+34 2
-34 4
+34 4
-17 4
56 2
220 2
56 10
+1 5
-1 10
+2 21
cfi=(31)
cfn=(106)
calls=7 288 
* 541
* 16
228 6
+5 8
+19 2
-15 72
cfn=(150) match_symbol
calls=1 76 
* 129
* 24
cfn=(150)
calls=3 76 
* 471
* 8
+7 4
-7 4
+7 16
+3 12
+9 8
-73 2
-8 2
+95 12
+3 8
+3 12
+3 8
+4 2
-7 8
+3 6
+4 35
-7 140
+3 107
+8 2
+86 2
-86 6
+86 2
-86 4
+87 6
-81 21
cfi=(17)
cfn=(36)
calls=3 102 
* 219
* 3
* 3
-1 3
+2 3
-2 3
+2 3
+8 3
+3 12
+2 9
+3 10
+4 8
+18 2
-15 2
+2 8
-2 2
+2 8
+2 8
+1 4
-1 4
+1 8
+1 4
-2 4
+3 4
-1 8
+1 12
+3 14
+8 6
+6 2
+4 9
+3 12
+20 37
-14 37
-2 37
+2 39
-2 2
+2 2
+4 37
+1 185
+1 37
+1 37
-1 74
+4 117
+9 3
+1 18

fn=(150)
76 28
cfi=(3)
cfn=(4)
calls=4 +54 
* 8
* 12
+1 8
+8 4
-8 4
+8 4
+6 16
+15 4
+1 8
+2 8
+5 8
+14 30
+12 33
+4 11
-30 22
+19 32
cfi=(19)
cfn=(54)
calls=4 30 
* 324
* 12
+35 24

fl=(35)
fn=(130)
33 16
+2 16
-2 16
cfi=(3)
cfn=(4)
calls=16 +97 
* 32
* 16
+2 112
+6 2
-6 45
+6 30

fl=(32)
fn=(116)
33 3
+2 3
-2 3
cfi=(3)
cfn=(4)
calls=3 +97 
* 6
* 3
+2 21
+6 6

fl=(31)
fn=(106)
288 216
cfi=(3)
cfn=(4)
calls=36 130 
* 72
* 72
+1 144
cfi=(19)
cfn=(54)
calls=36 30 
* 331
* 72
+3 36
+2 72
+4 37
-4 74
+1 160
cfi=(19)
cfn=(54)
calls=40 30 
* 674
* 80
+6 3
-11 3
+11 45
-1 33
+1 132

fn=(134)
45 7
cfi=(3)
cfn=(4)
calls=1 +85 
* 2
* 2
+7 3
cfi=(24)
cfn=(110)
calls=1 +29 
* 10
+1 1
-1 1
+1 1
+2 5
cfi=(32)
cfn=(116)
calls=1 -22 
* 15
* 2
+2 1
+3 1
-3 1
+3 1
+13 2
cfi=(24)
cfn=(122)
calls=1 +8 
* 8
+3 7
-14 7
cfi=(26)
cfn=(74)
calls=1 -33 
* 23
* 2

fl=(10)
fn=(18)
33 3
cfi=(3)
cfn=(4)
calls=1 +97 
* 2
* 1
+4 5
+2 1
+8 1
-6 2
+7 2

fl=(30) /build/buildd/eglibc-2.19/setjmp/../sysdeps/i386/setjmp.S
fn=(100) __sigsetjmp
30 3
+3 3
+1 3
+1 3
+1 3
+4 3
+1 3
+5 3
+1 3
+4 3
+1 3

fl=(28)
fn=(90)
47 12
cfi=(3)
cfn=(4)
calls=4 +83 
* 8
* 4
+3 8
+5 6
+5 1
-1 1
+1 2
+1 2
+4 8
-14 4
+4 8
+4 1
-1 1
-58 1

fn=(92)
74 2

fl=(3)
fn=(4)
130 996

fl=(12)
fn=(24)
34 4
cfi=(3)
cfn=(4)
calls=1 +96 
* 2
* 3
+8 6
+4 2
+11 6

fl=(18)
fn=(46)
40 13
+1 13
+1 13
+1 13
+2 13
+1 13
+1 13
+1 13
+1 13
+1 13
+2 8
+1 8
+2 8
+1 8
+11 8
+1 8
+1 8
+1 8
+1 43
+2 8
+1 15
+2 8
+2 8
+1 8
+1 8
+2 8
-4 5
+1 5
+1 5
+2 5
+6 5
+1 5
+1 2
+1 2
+1 2
-1 3
+1 3
+1 4
+1 28
+2 5

fl=(34)
fn=(124)
147 8
+1 5
-1 1
+14 1
-13 3
+14 2
+6 1
-21 1
cfi=(3)
cfn=(4)
calls=1 -17 
* 2
* 1
+13 1
+1 1
+7 2
+10 1
-30 1
+20 1
+10 5
+1 3
-19 1
+2 2
+6 1
-7 1
+7 3
+10 2
-10 1
+10 4
-16 3
+20 3
+19 1
+2 1
+1 2
-3 1
343 1
189 1
-1 1
343 1
213 1
-4 1
+4 1
+4 4
-4 3
-4 3
+4 3
+4 12
+12 16
+2 4
+6 2
-6 4
+5 2
+1 2
+1 4
+1 4
+3 10
-32 2
+32 4
+50 6
+1 4
-51 192
+1 96
+6 10
cfi=(27)
cfn=(76)
calls=2 45 
* 202
* 4
+2 2
+3 16
cfi=(29)
cfn=(96)
calls=2 -91 
* 8054
+2 2
-2 2
+2 4
+15 2
+2 4
+11 2
-6 4
+10 2
-10 2
+3 2
+1 2
+1 2
+5 2
-4 2
+2 2
+2 6
-2 6
-57 12
-19 2
471 12
+2 6
+3 2
-1 4
cfi=(17)
cfn=(40)
calls=2 93 
* 98
* 2
+2 2
-2 2
+2 2
+3 2
+1 2
-1 2
+1 14
cfi=(18)
cfn=(46)
calls=2 40 
* 55
+1 12
cfi=(18)
cfn=(46)
calls=2 40 
* 55
+3 2
+1 2
-1 2
+5 24
+3 9
-1 4
+1 8
202 17
+15 12
+1 19
+2 2
+2 6
+2 30
497 6
+1 2
+3 5
+11 2
-1 2
cfi=(17)
cfn=(40)
calls=1 93 
* 49
* 1
+3 1
-3 1
+3 1
+5 1
+3 1
-3 1
+3 1
-3 3
+1 1
+4 16
+4 16
-6 4
+10 4
-10 8
+13 3
+51 6
+2 4
+42 9
+1 4
cfi=(33)
cfn=(118)
calls=1 48 
* 21
* 4
-2 7
+6 2
+1 5
+6 1
-6 2
+6 2
-13 6
+6 4
+1 10
+6 2
-6 4
+6 10
+2 4
+1 4
-1 2
+1 4
+3 6
-1 9
+23 6
-28 6
+31 12
+3 20
cfi=(33)
cfn=(118)
calls=2 48 
* 39
* 8
-18 1
+25 3
+2 1
+1 1
+1 1
-2 1
+2 2
+7 3
+3 3
+3 6
295 138
623 9
cfi=(18)
cfn=(46)
calls=1 40 
* 30
+2 1
-38 1
+38 2

fn=(126) openaux
60 12
+7 2
-3 2
-1 2
+1 2
-1 22
cfi=(22)
cfn=(104)
calls=2 2317 
* 7872
* 4
+5 10

fl=(76)
fn=(360) _dl_sort_fini
32 8
cfi=(3)
cfn=(4)
calls=1 +98 
* 2
* 1
+2 1
-2 4
+2 1
+5 3
+1 1
-1 1
+1 4
-1 1
+1 1
+1 4
cfi=(33)
cfn=(118)
calls=1 +7 
* 21
* 6
+15 3
+62 4
+3 20
cfi=(33)
cfn=(118)
calls=2 -73 
* 39
* 12
-76 6
+1 10
-1 2
+1 6
+4 6
+71 3
-76 3
+1 5
-1 1
+1 3
+4 9
+6 3
+1 3
-1 3
+1 9
+2 4
+1 4
-1 2
+1 4
+3 6
-1 9
+31 9
+21 6
-57 9
+61 9
+7 6

fn=(358)
131 6
cfi=(3)
cfn=(4)
calls=1 -1 
* 2
* 4
+19 1
-6 1
-1 3
+10 14
+86 3
-83 4
cfi=(2)
cfn=(50)
calls=1 837 
* 3
+3 2
+3 2
+2 6
+7 1
+4 1
-4 2
+4 2
+2 3
+3 7
+3 3
+10 8
+2 8
+2 4
+1 4
+1 4
+4 4
-12 12
+14 3
+5 7
cfn=(360)
calls=1 32 
* 277
+9 1
-9 1
+9 2
cfi=(2)
cfn=(52)
calls=1 843 
* 3
+4 4
+2 3
+2 3
-2 9
+2 9
+3 8
+3 12
+4 4
+7 4
+4 2
+1 2
-1 2
+1 2
-1 2
+1 2
+2 12
+1 2
cob=(4) /usr/lib/valgrind/vgpreload_core-x86-linux.so
cfi=(50) ???
cfn=(376) 0x00000480
calls=1 0 
* 865
cob=(5)
cfi=(59)
cfn=(362)
calls=1 0 
* 14
-1 6
+5 6
+1 6
cob=(2)
cfi=(16)
cfn=(404) 0x0402460c
calls=1 0 
* 9
cob=(2)
cfi=(16)
cfn=(372) 0x08048514
calls=1 0 
* 9
+5 28
-39 8
+55 4
-55 9
-70 2
283 6
-49 6
+55 2
+7 6

fl=(21) /build/buildd/eglibc-2.19/posix/../sysdeps/unix/syscall-template.S
fn=(62) uname
81 7
+1 1

fl=(15)
fn=(48)
32 18
cfi=(3)
cfn=(4)
calls=3 +98 
* 6
* 9
+2 9
cfi=(2)
cfn=(50)
calls=3 837 
* 9
+2 19
+4 3
-1 15
+2 2
+2 2
+5 2
-1 2
+1 2
-1 2
+1 2
+1 2
-1 2
+1 6
+2 4
cfi=(2)
cfn=(52)
calls=2 843 
* 6
-3 1
-1 1
+1 1
-1 1
+1 1
+1 1
-1 1
+1 3
+2 2
cfi=(2)
cfn=(52)
calls=1 843 
* 3
+1 18
-6 2

fn=(32)
61 15
cfi=(3)
cfn=(4)
calls=3 +69 
* 6
* 6
+1 3
-1 12
+1 3
cfi=(11)
cfn=(22)
calls=3 -19 
* 175
+6 3
-6 6
+6 3
-6 3
+6 3
+7 18
cfi=(17)
cfn=(36)
calls=3 +27 
* 225
* 3
+3 3
-3 3
+3 3
+4 3
-1 3
+1 6
+4 6
+1 24
cfi=(18)
cfn=(46)
calls=3 -47 
* 83
* 3
+2 3
-2 3
+10 12
+1 3
-1 3
+1 12
+3 3
-3 3
+3 3
+6 3
-4 3
+4 3
+3 10
+2 1
-2 3
+2 15
-2 45
+12 3
+4 3
-4 3
+6 3
-5 3
+5 9
+2 6
+3 7
+4 8
+4 4
+2 1
+6 1
+3 2
+3 6
-3 4
+3 12
+2 6
cfi=(11)
cfn=(22)
calls=2 43 
* 200
+4 2
-4 6
+4 8
+64 4
+4 18
68 30
+73 6
-39 8
+39 2
+70 12
cfi=(25)
cfn=(72)
calls=2 40 
* 48
* 2
+5 38
+1 38
-1 38
+1 40
-1 2
+1 6
+5 4
-57 4
cfi=(17)
cfn=(40)
calls=2 -72 
* 98
* 2
+1 2
-1 2
+1 6

fl=(29)
fn=(96)
163 9
cfi=(3)
cfn=(4)
calls=3 -33 
* 6
* 6
+12 6
+3 3
-2 6
+1 6
+1 3
+2 3
cfi=(2)
cfn=(98)
calls=3 795 
* 18
+1 3
-1 6
+2 6
+3 9
-4 3
+4 3
cfi=(30)
cfn=(100)
calls=3 30 
* 33
* 9
+2 9
cfi=(34)
cfn=(126)
calls=2 60 
* 7928
cfi=(2)
cfn=(102)
calls=1 625 
* 2908
+1 6
+3 3
-3 3
+1 6
+1 6
+1 3
+8 15

fn=(142)
205 7
cfi=(3)
cfn=(4)
calls=1 -75 
* 2
* 3
+1 1
cfi=(2)
cfn=(98)
calls=1 795 
* 6
+11 1
-7 1
-4 1
+5 1
+3 1
+1 1
-5 1
+1 1
+6 2
cfi=(2)
cfn=(144)
calls=1 657 
* 3055
+2 1
+1 1
-1 1
+1 1
+1 6

fl=(13)
fn=(28)
30 3
+3 9
+2 146
+11 71
-13 213
-2 1
+19 6
-14 38
+5 2
-3 2
+3 2
+2 2

fl=(60)
fn=(262)
28 4
+2 4
+2 4
+2 4
+1 4
+1 4
cfi=(61)
cfn=(264)
calls=4 +30 
* 3595
+1 4
+2 4
+1 4
+1 4
+1 4

fl=(9)
fn=(60)
45 5
cfi=(3)
cfn=(4)
calls=1 +85 
* 2
* 2
+2 4
+40 3
cfi=(21)
cfn=(62)
calls=1 -6 
* 8
* 2
+15 1
-15 1
+20 1
-1 1
+3 12
+2 3
+2 3
-2 3
+2 9
+7 3
-1 3
+2 3
+2 13
+8 1
+1 6
-4 2

fl=(33)
fn=(118)
48 9
+1 9
+2 9
+1 9
+4 9
+2 9
+1 9
+2 9
+1 9
+1 2
+1 2
+1 2
+1 2
+1 2
+1 2
+1 2
+5 7
+1 7
+1 7
+2 7
+2 112
+2 7
+1 7
+5 9
+2 9
+7 9

fl=(14)
fn=(30)
46 12
+2 12
+1 12
+1 12
+2 12
+1 12
+18 12
+2 12
+2 12
+2 12
+1 24
cfi=(3)
cfn=(4)
calls=12 +52 
* 24
* 24
+3 12
+1 12
+1 12
+14 1
+1 1
+1 1
+1 1
+2 4
+1 4
+1 4
+1 4
+2 5
+1 5
+1 5
+1 5
+2 5
+1 5
+1 5
+1 5
+2 5
+1 5
+1 5
+1 5
+2 5
+3 5
+1 10
256 1
+1 1
+1 1
+1 1
+2 5
+1 5
+1 5
+1 5
+2 4
+1 4
+1 4
+1 4
+1 4
+1 4
+1 4
+1 4
+1 4
+1 4
+3 4
+1 8
+70 3
+1 3
+11 3
+1 3
+1 3
+3 6

fl=(27)
fn=(76)
45 7
+2 7
+3 7
+2 7
+3 7
+1 7
+2 7
+2 7
+6 7
+1 7
+2 7
+1 7
+2 7
+1 7
+2 7
+2 4
+1 4
+2 3
+1 3
+2 3
+1 3
+2 3
+1 3
+2 3
+1 3
+2 3
+1 3
+2 3
+1 3
+2 3
+2 4
+2 4
+1 4
+2 4
+1 4
+2 4
+10 4
+1 4
+2 4
+1 4
+25 4
+1 4
+2 4
+1 4
-33 3
+1 3
+2 3
+1 3
+25 3
+1 3
+2 3
+1 3
-4 2
+1 2
+2 2
+1 2
+2 9
+1 9
+2 9
+1 9
+2 9
+1 9
+2 9
+1 9
+2 9
+1 9
+2 9
+1 9
+2 9
+1 9
+2 9
+1 9
+2 8
+1 8
+2 8
+1 8
+2 8
+1 8
+2 8
+1 8
+2 6
+1 6
+2 6
+1 6
+2 6
+1 6
+2 6
+1 6
+2 6
+1 6
+2 6
+1 6
+2 6
+1 6
+2 6
+1 6
+2 6
+1 6
+2 6
+1 6
+2 5
+1 5
+2 5
+1 5
+2 5
+1 5
+2 5
+1 5
+2 5
+1 5
+2 5
+1 5
+2 5
+1 5
+2 5
+1 5
+2 3
+1 3
+2 3
+1 3
+2 2
+1 2
+2 2
+1 2
+2 2
+1 2
+2 2
+1 2
+2 2
+1 2
+2 2
+2 2
+4 1
+1 1
+2 1
+15 7
+3 7
+4 7
+3 7
+4 7
+9 6
+1 6
+2 6
+2 6
+1 6
+2 6
+2 6
+1 6
+2 6
+1 6
+2 4
+1 4
+2 4
+1 4
+2 4
+1 4
+8 6
+1 6

fl=(49)
fn=(210) call_init.part.0
34 28
+8 4
+3 4
-11 4
cfi=(3)
cfn=(4)
calls=4 +96 
* 8
* 4
+8 8
+3 12
+5 9
+5 4
+8 4
+1 16
cob=(3)
cfi=(51)
cfn=(232)
calls=1 -12 
* 158
cob=(2)
cfi=(16)
cfn=(212) 0x04024370
calls=1 -64 
* 12
+3 2
+1 4
+6 2
+2 4
-2 4
+3 2
-3 2
+3 6
+1 12
cob=(3)
cfi=(55)
cfn=(240)
calls=1 -1 
* 12
cob=(4)
cfi=(50)
cfn=(220) 0x000004d0
calls=1 -78 
* 36
* 12
cob=(3)
cfi=(58)
cfn=(250)
calls=1 -37 
* 11
cob=(3)
cfi=(56)
cfn=(242)
calls=1 550 
* 3428
-1 12
+3 18
-29 3
+29 6
-34 3

fn=(208)
86 6
cfi=(3)
cfn=(4)
calls=1 +44 
* 2
* 2
+1 1
-1 1
+2 1
-2 1
+5 3
+7 2
+26 2
+1 19
+1 8
-90 26
cfn=(210)
calls=3 -2 
* 3745
* 3
+96 6
-96 8
cfn=(210)
calls=1 -2 
* 109
* 1
+58 2

ob=(2)
fl=(16)
fn=(212)
0 3
cob=(4)
cfi=(50)
cfn=(214) 0x000003e0
calls=1 0 
0 2
0 7

fn=(404)
0 3
cob=(4)
cfi=(50)
cfn=(214)
calls=1 0 
0 2
0 4

fn=(278)
0 3
cob=(5)
cfi=(59)
cfn=(276)
calls=1 0 
0 2
0 7

fn=(372)
0 3
cob=(5)
cfi=(59)
cfn=(276)
calls=1 0 
0 2
0 4

ob=(4)
fl=(50)
fn=(376)
0 4
cfn=(214)
calls=1 0 
0 2
0 10
cob=(3)
cfi=(77)
cfn=(390)
calls=1 31 
0 73
cob=(1)
cfi=(60)
cfn=(262)
calls=1 28 
0 748
0 5
0 1
cfn=(396) 0x000003f0
calls=1 0 
0 17
0 5

fn=(396)
0 4
cfn=(214)
calls=1 0 
0 2
0 11

fn=(214)
0 12

fn=(220)
0 4
cfn=(214)
calls=1 0 
0 2
0 19
cfn=(214)
calls=1 0 
0 2
0 9

totals: 550114782
